+-----------+--------------+--------------+-------------+------------+------------+------------+
|           |    confusion |      urgency |   sentiment |    opinion |     answer |   question |
+===========+==============+==============+=============+============+============+============+
| confusion |  1           |  0.000370521 |  -0.134039  | -0.296628  | -0.106205  |   0.347094 |
+-----------+--------------+--------------+-------------+------------+------------+------------+
| urgency   |  0.000370521 |  1           |  -0.157219  | -0.247397  |  0.0532882 |   0.458508 |
+-----------+--------------+--------------+-------------+------------+------------+------------+
| sentiment | -0.134039    | -0.157219    |   1         |  0.0954244 | -0.0310498 |  -0.142821 |
+-----------+--------------+--------------+-------------+------------+------------+------------+
| opinion   | -0.296628    | -0.247397    |   0.0954244 |  1         | -0.153902  |  -0.413518 |
+-----------+--------------+--------------+-------------+------------+------------+------------+
| answer    | -0.106205    |  0.0532882   |  -0.0310498 | -0.153902  |  1         |  -0.018878 |
+-----------+--------------+--------------+-------------+------------+------------+------------+
| question  |  0.347094    |  0.458508    |  -0.142821  | -0.413518  | -0.018878  |   1        |
+-----------+--------------+--------------+-------------+------------+------------+------------+
