+-----------+-------------+-----------+-------------+-------------+------------+------------+
|           |   confusion |   urgency |   sentiment |     opinion |     answer |   question |
+===========+=============+===========+=============+=============+============+============+
| confusion |   1         |  0.484565 | -0.0975391  | -0.0917622  | -0.393666  |   0.459487 |
+-----------+-------------+-----------+-------------+-------------+------------+------------+
| urgency   |   0.484565  |  1        | -0.359914   |  0.105682   | -0.501699  |   0.690373 |
+-----------+-------------+-----------+-------------+-------------+------------+------------+
| sentiment |  -0.0975391 | -0.359914 |  1          | -0.00655238 |  0.0640326 |  -0.290765 |
+-----------+-------------+-----------+-------------+-------------+------------+------------+
| opinion   |  -0.0917622 |  0.105682 | -0.00655238 |  1          | -0.114237  |  -0.226356 |
+-----------+-------------+-----------+-------------+-------------+------------+------------+
| answer    |  -0.393666  | -0.501699 |  0.0640326  | -0.114237   |  1         |  -0.464618 |
+-----------+-------------+-----------+-------------+-------------+------------+------------+
| question  |   0.459487  |  0.690373 | -0.290765   | -0.226356   | -0.464618  |   1        |
+-----------+-------------+-----------+-------------+-------------+------------+------------+
