+-----------+-------------+-----------+-------------+------------+-----------+------------+
|           |   confusion |   urgency |   sentiment |    opinion |    answer |   question |
+===========+=============+===========+=============+============+===========+============+
| confusion |   1         |  0.591206 |  -0.0802933 | -0.0203931 | -0.460768 |   0.569035 |
+-----------+-------------+-----------+-------------+------------+-----------+------------+
| urgency   |   0.591206  |  1        |  -0.167758  |  0.123252  | -0.522114 |   0.718695 |
+-----------+-------------+-----------+-------------+------------+-----------+------------+
| sentiment |  -0.0802933 | -0.167758 |   1         |  0.0738331 | -0.127774 |  -0.183253 |
+-----------+-------------+-----------+-------------+------------+-----------+------------+
| opinion   |  -0.0203931 |  0.123252 |   0.0738331 |  1         | -0.217457 |  -0.181592 |
+-----------+-------------+-----------+-------------+------------+-----------+------------+
| answer    |  -0.460768  | -0.522114 |  -0.127774  | -0.217457  |  1        |  -0.467972 |
+-----------+-------------+-----------+-------------+------------+-----------+------------+
| question  |   0.569035  |  0.718695 |  -0.183253  | -0.181592  | -0.467972 |   1        |
+-----------+-------------+-----------+-------------+------------+-----------+------------+
