+-----------+-------------+------------+-------------+------------+------------+------------+
|           |   confusion |    urgency |   sentiment |    opinion |     answer |   question |
+===========+=============+============+=============+============+============+============+
| confusion |    1        |  0.67328   |  -0.353549  | -0.1223    | -0.590307  |   0.521218 |
+-----------+-------------+------------+-------------+------------+------------+------------+
| urgency   |    0.67328  |  1         |  -0.567983  |  0.0341581 | -0.676148  |   0.747608 |
+-----------+-------------+------------+-------------+------------+------------+------------+
| sentiment |   -0.353549 | -0.567983  |   1         |  0.0304586 |  0.296166  |  -0.494599 |
+-----------+-------------+------------+-------------+------------+------------+------------+
| opinion   |   -0.1223   |  0.0341581 |   0.0304586 |  1         | -0.0694649 |  -0.214656 |
+-----------+-------------+------------+-------------+------------+------------+------------+
| answer    |   -0.590307 | -0.676148  |   0.296166  | -0.0694649 |  1         |  -0.562245 |
+-----------+-------------+------------+-------------+------------+------------+------------+
| question  |    0.521218 |  0.747608  |  -0.494599  | -0.214656  | -0.562245  |   1        |
+-----------+-------------+------------+-------------+------------+------------+------------+
